data = [0.00,0.00;
0.17,0.18;
0.43,0.49;
0.50,0.57;
0.62,0.64;
0.70,0.72;
0.75,0.79;
0.77,0.85;
0.81,0.89;
0.84,0.92;
0.88,0.92;
0.80,0.85;
0.89,0.94;
0.81,0.85;
0.90,0.95;
0.80,0.85;
0.88,0.94;
0.80,0.86;
0.89,0.94;
0.81,0.86;
0.89,0.94;
0.81,0.88;
0.89,0.95;
0.82,0.86;
0.90,0.95;
0.82,0.86;
0.92,0.97;
0.92,0.97;
0.93,0.98;
0.86,0.89;
0.95,0.98;
0.86,0.90;
0.95,0.99;
0.88,0.90;
0.97,0.99;
0.88,0.90;
0.97,1.01;
0.89,0.92;
0.95,1.02;
0.88,0.92;
0.97,1.01;
0.97,1.01;
0.98,1.02;
0.88,0.92;
0.95,1.01;
0.89,0.92;
0.98,1.01;
0.89,0.90;
0.98,0.98;
0.89,0.90;
0.98,0.99;
0.89,0.90;
0.98,0.99;
0.90,0.89;
0.99,0.99;
0.89,0.90;
0.98,1.01;
0.98,1.01;
0.97,0.99;
0.89,0.89;
0.98,0.98;
0.90,0.90;
0.98,0.99;
0.89,0.92;
0.98,1.01;
0.89,0.90;
0.98,0.99;
0.89,0.90;
0.98,1.01;
0.89,0.90;
0.98,0.99;
0.98,0.99;
0.98,0.99;
0.89,0.92;
0.98,1.01;
0.88,0.92;
0.97,1.01;
0.88,0.90;
0.98,0.99;
0.89,0.90;
0.98,1.02;
0.89,0.92;
0.98,1.02;
0.89,0.93;
0.98,1.02;
0.89,0.93;
0.98,1.02;
0.99,1.03;
0.98,1.02;
0.89,0.93;
0.98,1.01;
0.88,0.92;
0.97,1.02;
0.88,0.93;
0.95,1.02;
0.86,0.93;
0.94,1.01;
0.86,0.92;
0.97,1.02;
0.88,0.92;
0.97,1.01;
0.97,1.02;
0.98,1.02;
0.90,0.93;
0.98,1.02;
0.90,0.93;
0.98,1.02;
0.89,0.93;
0.97,0.99;
0.89,0.89;
0.99,0.98;
0.89,0.90;
0.97,0.99;
0.88,0.92;
0.97,1.01;
0.88,0.90;
0.98,0.99;
0.99,0.99;
0.99,0.99;
0.90,0.90;
0.97,1.01;
0.88,0.90;
0.97,1.01;
0.90,0.92;
0.98,1.01;
0.89,0.92;
0.98,0.99;
0.90,0.90;
0.98,0.97;
0.89,0.90;
0.99,0.99;
0.98,0.98;
0.98,0.98;
0.88,0.89;
0.95,0.98;
0.88,0.90;
0.98,0.99;
0.89,0.92;
0.98,1.02;
0.90,0.92;
0.98,1.01;];

gyro = [
    -1.37
-1.44
-1.50
-1.54
-1.58
-1.60
-1.61
-1.60
-1.58
-1.55
-1.50
-1.46
-1.40
-1.34
-1.29
-1.24
-1.19
-1.16
-1.14
-1.12
-1.12
-1.14
-1.15
-1.19
-1.23
-1.27
-1.31
-1.36
-1.40
-1.44
-1.47
-1.50
-1.51
-1.52
-1.51
-1.49
-1.47
-1.44
-1.40
-1.37
-1.33
-1.29
-1.26
-1.23
-1.21
-1.19
-1.18
-1.19
-1.20
-1.22
-1.24
-1.27
-1.31
-1.34
-1.37
-1.40
-1.43
-1.45
-1.46
-1.47
-1.47
-1.46
-1.45
-1.42
-1.40
-1.38
-1.35
-1.33
-1.30
-1.28
-1.26
-1.25
-1.24
-1.24
-1.24
-1.25
-1.26
-1.28
-1.30
-1.32
-1.35
-1.37
-1.39
-1.41
-1.42
-1.43
-1.43
-1.43
-1.42
-1.41
-1.39
-1.37
-1.36
-1.34
-1.32
-1.30
-1.29
-1.28
-1.27
-1.27
-1.27
-1.27
-1.28
-1.29
-1.31
-1.32
-1.34
-1.36
-1.37
-1.38
-1.39
-1.40
-1.40
-1.40
-1.39
-1.38
-1.37
-1.36
-1.35
-1.34
-1.33
-1.32
-1.31
-1.30
-1.30
-1.30
-1.30
-1.31
-1.31
-1.32
-1.33
-1.34
-1.35
-1.35
-1.36
-1.37
-1.37
-1.37
-1.38
-1.38
];